mCurrentIter=32
mCounterStuck=11
mYPrev=0
mParameters.n_iterations=32
mParameters.n_inner_iterations=500
mParameters.n_init_samples=16
mParameters.n_iter_relearn=1
mParameters.n_final_samples=0
mParameters.n_parallel_samples=1
mParameters.init_method=2
mParameters.surr_name=sGaussianProcess
mParameters.sigma_s=1
mParameters.noise=1e-06
mParameters.alpha=1
mParameters.beta=1
mParameters.sc_type=SC_MAP
mParameters.l_type=L_MCMC
mParameters.par_type=PAR_NONE
mParameters.burnout_mcmc_parallel=2500
mParameters.l_all=0
mParameters.use_spsa=0
mParameters.epsilon=0
mParameters.force_jump=20
mParameters.active_hyperparams_coef=0
mParameters.kernel.name=kMaternARD5
mParameters.kernel.hp_mean=[1](1)
mParameters.kernel.hp_std=[1](10)
mParameters.kernel.domain_center=[1,1](0.5)
mParameters.kernel.domain_std=[1,1](0.5)
mParameters.mean.name=mConst
mParameters.mean.coef_mean=[1](1)
mParameters.mean.coef_std=[1](1000)
mParameters.crit_name=cEI
mParameters.crit_params=[0]()
mParameters.unscented_alpha=1
mParameters.unscented_beta=2
mParameters.unscented_kappa=0
mParameters.input_noise_variance=-1
mParameters.use_unscented_criterion=1
mY=[48](-0.1706942751,0.3657002309,-0.1013249429,-0.134861687,0.1719479032,-0.08039672935,0.0001741338895,-0.08822778379,-0.111027388,1.736634814,-0.2224910906,0.08172638004,-0.01154902274,-0.07770810715,-0.1326303129,-0.05936509373,-0.1427125363,-0.1477916561,0.1021313334,-0.0282453503,-0.007678842764,-0.1320533224,-0.04495232645,0.02019169417,-0.205067581,0.02648767692,-0.2394613708,-0.2280227186,0.2924783774,-0.1585919057,-0.2442876385,-0.1160358877,-0.0872294346,-0.2214609337,-0.2619529739,-0.1237247245,-0.1876625383,-0.1860602294,-0.2568129536,-0.1835836395,-0.2326221268,-0.1532783035,-0.06757398938,-0.1390209209,-0.1649630217,-0.1566967516,-0.258971935,-0.2070097298)
mX=[48,4](0.5,0.5,0.5,0.5,0.75,0.25,0.75,0.25,0.25,0.75,0.25,0.75,0.375,0.375,0.625,0.125,0.875,0.875,0.125,0.625,0.625,0.125,0.375,0.375,0.125,0.625,0.875,0.875,0.1875,0.3125,0.3125,0.6875,0.6875,0.8125,0.8125,0.1875,0.9375,0.0625,0.5625,0.9375,0.4375,0.5625,0.0625,0.4375,0.3125,0.1875,0.9375,0.5625,0.8125,0.6875,0.4375,0.0625,0.5625,0.4375,0.1875,0.8125,0.0625,0.9375,0.6875,0.3125,0.09375,0.46875,0.84375,0.40625,0.3946038459,1,0.9997901852,0,0.423548821,0.6982021308,9.192530529e-05,0,0.4814725474,0,0,0,0.2060173699,1,0.0001729332253,1,0.5575864748,1,0.9998912954,0.9999147524,0.2097393357,0.8860214833,0,0,0.5351059901,0.2155364375,7.166273908e-05,0,0.3936896163,0.8702592364,0.9999960234,0.9999041142,0.3841601616,0.8138568045,0.0007462198613,0.3417506729,0.7832723921,1,0,0,0.534695196,0.9999901416,0.3954720225,0.2908957164,0.4901240965,0.8972475687,2.803526643e-05,0.3522591776,0.5391749735,0,8.921896593e-05,1,0.162564988,1,9.702021307e-05,0.4028853904,0.5842234431,0.6625317244,0.2172523582,0.2989423157,0.5277737433,0.2857957845,0,0.4231658796,0.5655675849,0.8224110238,0.9999823187,0.3610837501,0.530302569,0.4606081727,0.3083238518,0.1871481004,0.6409288994,1,0.5337879269,0.1895135356,0,0.6188939847,0,0.2179328191,0.6440655324,0.899785982,0.5852657813,0.5084858891,0.5970549291,1,0.6761365756,0,0.6508634843,1,0.3753397278,0.3153928384,0.5346660871,1,0.1279296415,0.65526497,0.4977610192,0.7492334798,0.1939484763,0.3568599042,2.643836414e-15,1,1,7.018509074e-15,0,0,0.5256006994,0,0,1,0.2607105955,0,0.1002724637,0.509178517,0.3611159542,0,0.1749867944,1,1,0,0.6368074097,1,0.478602244,0.256937541,0.3185772549,1,0.5238132577,0.1344003551)
mDebugBestPoints=[32,4](-53.75,0.60625,1.375,56.25,-53.75,0.60625,1.375,56.25,-53.75,0.60625,1.375,56.25,-53.75,0.60625,1.375,56.25,-53.75,0.60625,1.375,56.25,-53.75,0.60625,1.375,56.25,-53.75,0.60625,1.375,56.25,-53.75,0.60625,1.375,56.25,-53.75,0.60625,1.375,56.25,-53.75,0.60625,1.375,56.25,-47.91828824,0.9999911274,4.438342607,47.45374298,-47.91828824,0.9999911274,4.438342607,47.45374298,-47.91828824,0.9999911274,4.438342607,47.45374298,-47.91828824,0.9999911274,4.438342607,47.45374298,-44.94659342,0.696278552,2.798721695,47.93653894,-44.94659342,0.696278552,2.798721695,47.93653894,-44.94659342,0.696278552,2.798721695,47.93653894,-44.94659342,0.696278552,2.798721695,47.93653894,-41.54426604,1,5.710848927,41.37081213,-41.54426604,1,5.710848927,41.37081213,-41.54426604,1,5.710848927,41.37081213,-41.54426604,1,5.710848927,41.37081213,-41.54426604,1,5.710848927,41.37081213,-41.54426604,1,5.710848927,41.37081213,-41.54426604,1,5.710848927,41.37081213,-41.54426604,1,5.710848927,41.37081213,-41.54426604,1,5.710848927,41.37081213,-41.54426604,1,5.710848927,41.37081213,-41.54426604,1,5.710848927,41.37081213,-41.54426604,1,5.710848927,41.37081213,-41.54426604,1,5.710848927,41.37081213,-41.54426604,1,5.710848927,41.37081213)
