mCurrentIter=32
mCounterStuck=11
mYPrev=0
mParameters.n_iterations=32
mParameters.n_inner_iterations=500
mParameters.n_init_samples=16
mParameters.n_iter_relearn=1
mParameters.n_final_samples=0
mParameters.n_parallel_samples=1
mParameters.init_method=2
mParameters.surr_name=sGaussianProcess
mParameters.sigma_s=1
mParameters.noise=1e-06
mParameters.alpha=1
mParameters.beta=1
mParameters.sc_type=SC_MAP
mParameters.l_type=L_MCMC
mParameters.par_type=PAR_NONE
mParameters.burnout_mcmc_parallel=2500
mParameters.l_all=0
mParameters.use_spsa=0
mParameters.epsilon=0
mParameters.force_jump=20
mParameters.active_hyperparams_coef=0
mParameters.kernel.name=kMaternARD5
mParameters.kernel.hp_mean=[1](1)
mParameters.kernel.hp_std=[1](10)
mParameters.kernel.domain_center=[1,1](0.5)
mParameters.kernel.domain_std=[1,1](0.5)
mParameters.mean.name=mConst
mParameters.mean.coef_mean=[1](1)
mParameters.mean.coef_std=[1](1000)
mParameters.crit_name=cEI
mParameters.crit_params=[0]()
mParameters.unscented_alpha=1
mParameters.unscented_beta=2
mParameters.unscented_kappa=0
mParameters.input_noise_variance=-1
mParameters.use_unscented_criterion=1
mY=[48](-0.3482003354,0.2865992666,-0.2162082429,-0.3975233766,0.4295670057,-0.2631339572,-0.1727522246,-0.2374380383,-0.2933064206,3.187385516,-0.2920636774,-0.1472245593,0.02826640088,-0.1506429854,-0.261465036,-0.2241627591,-0.01574809435,-0.2143767879,-0.3979797218,-0.3821951449,-0.3787287447,-0.1443728879,-0.2535305316,-0.1557963434,-0.09334132027,-0.3349977589,0.1648822811,-0.1238288169,-0.3807887221,-0.210934034,-0.3925438838,-0.3643201919,-0.1736388484,-0.3136645843,-0.3020891292,-0.1854871294,0.714008494,-0.05700394942,-0.3240498005,0.3801460788,-0.3470308867,-0.3545699151,-0.2776386831,-0.384902988,-0.4127739831,-0.1175156473,-0.2385162783,-0.3921341964)
mX=[48,4](0.5,0.5,0.5,0.5,0.75,0.25,0.75,0.25,0.25,0.75,0.25,0.75,0.375,0.375,0.625,0.125,0.875,0.875,0.125,0.625,0.625,0.125,0.375,0.375,0.125,0.625,0.875,0.875,0.1875,0.3125,0.3125,0.6875,0.6875,0.8125,0.8125,0.1875,0.9375,0.0625,0.5625,0.9375,0.4375,0.5625,0.0625,0.4375,0.3125,0.1875,0.9375,0.5625,0.8125,0.6875,0.4375,0.0625,0.5625,0.4375,0.1875,0.8125,0.0625,0.9375,0.6875,0.3125,0.09375,0.46875,0.84375,0.40625,0.4972050468,0.1926723012,0.9999328931,0,0.2517303401,0.8525419029,1.780768202e-05,0.01613948551,0.507411849,1,0.9999156416,0,0.3623829137,0.9046117929,0.8851680931,1.041048993e-05,0.5017240302,0.7803288812,1,0.2103105576,0.6005994367,1,0,0,0.4432415917,1,0.6740113101,0.9999099923,0.6015430604,1,0,0.580028149,0.4991659315,0.9424195193,5.471451102e-06,0.9999102921,0.5261268685,0.2675875385,0.623009925,0.3935365496,0.3331165398,8.608798759e-05,0,8.624380205e-05,0,0.596271298,1.946360653e-17,7.489916979e-16,0.3595140611,0.6054573313,0.6082084002,7.58481058e-06,0.6046273624,0.4926225878,0.9999898997,0.2578008516,0.4258491269,1,0.852917689,0.2421506789,0.3947223793,0.661700114,0.9999340541,0.1122860185,0.5815344877,0.3056914687,0.1331825995,0.1213689132,0.2387511125,0.4112023918,0.9999028726,0,0.3420674872,0.4529141896,1,0.2092381154,0.4599454379,0,0.2934313488,1,0.9152382773,0.3286872136,0.08599747927,0.09620372322,0.5259283797,0,0.9999168252,0.6115620843,0.1682993318,0.9616947876,0.5705741806,0,0.4630822318,0.01906742322,4.155480844e-06,0.6161864684,0.2019793108,1,1,0,0.4146145986,0.8894823174,0.2106850444,0.07713530322,0.6642624895,0.6205844834,0.4334518004,0,0.3190063032,0.4291406409,0.4213331684,0.2213361049,0.4093330659,0.6421023112,0.4658467519,0.2518137573,0,0,0.4986210961,0,0.3516936713,0.3271236051,0.5740707734,0.9650204753,0.5839734226,1,0.556398224,0.2435647097)
mDebugBestPoints=[32,4](-57.5,0.4375,6.55,37.5,-57.5,0.4375,6.55,37.5,-49.55528906,1,9.999223902,30,-49.55528906,1,9.999223902,30,-49.55528906,1,9.999223902,30,-49.55528906,1,9.999223902,30,-49.55528906,1,9.999223902,30,-49.55528906,1,9.999223902,30,-49.55528906,1,9.999223902,30,-49.55528906,1,9.999223902,30,-49.55528906,1,9.999223902,30,-49.55528906,1,9.999223902,30,-49.55528906,1,9.999223902,30,-49.55528906,1,9.999223902,30,-49.55528906,1,9.999223902,30,-49.55528906,1,9.999223902,30,-49.55528906,1,9.999223902,30,-49.55528906,1,9.999223902,30,-49.55528906,1,9.999223902,30,-49.55528906,1,9.999223902,30,-49.55528906,1,9.999223902,30,-49.55528906,1,9.999223902,30,-49.55528906,1,9.999223902,30,-49.55528906,1,9.999223902,30,-49.55528906,1,9.999223902,30,-49.55528906,1,9.999223902,30,-49.55528906,1,9.999223902,30,-49.55528906,1,9.999223902,30,-55.44001604,0.6778920801,5.085790117,45.10882544,-55.44001604,0.6778920801,5.085790117,45.10882544,-55.44001604,0.6778920801,5.085790117,45.10882544,-55.44001604,0.6778920801,5.085790117,45.10882544)
