mCurrentIter=32
mCounterStuck=11
mYPrev=0
mParameters.n_iterations=32
mParameters.n_inner_iterations=500
mParameters.n_init_samples=16
mParameters.n_iter_relearn=1
mParameters.n_final_samples=0
mParameters.n_parallel_samples=1
mParameters.init_method=2
mParameters.surr_name=sGaussianProcess
mParameters.sigma_s=1
mParameters.noise=1e-06
mParameters.alpha=1
mParameters.beta=1
mParameters.sc_type=SC_MAP
mParameters.l_type=L_MCMC
mParameters.par_type=PAR_NONE
mParameters.burnout_mcmc_parallel=2500
mParameters.l_all=0
mParameters.use_spsa=0
mParameters.epsilon=0
mParameters.force_jump=20
mParameters.active_hyperparams_coef=0
mParameters.kernel.name=kMaternARD5
mParameters.kernel.hp_mean=[1](1)
mParameters.kernel.hp_std=[1](10)
mParameters.kernel.domain_center=[1,1](0.5)
mParameters.kernel.domain_std=[1,1](0.5)
mParameters.mean.name=mConst
mParameters.mean.coef_mean=[1](1)
mParameters.mean.coef_std=[1](1000)
mParameters.crit_name=cEI
mParameters.crit_params=[0]()
mParameters.unscented_alpha=1
mParameters.unscented_beta=2
mParameters.unscented_kappa=0
mParameters.input_noise_variance=-1
mParameters.use_unscented_criterion=1
mY=[48](-1.065215854,-0.9822493967,-0.6284742173,-0.9436629893,-1.632533101,-1.291620095,-0.4610792322,-0.5573221949,-1.623060315,0.5034516499,-0.9157818203,-0.5811654877,-1.821479204,-0.9565178691,-0.5432166211,-0.5287246087,-1.495164152,-1.59253813,-1.884449028,-2.030214848,-1.652457449,-1.971322382,-1.369759137,-1.884392431,-1.950389236,-1.683346766,-1.4225787,-1.609660583,-2.064730224,-2.032143842,-0.584466416,-2.042377764,-1.736076979,-1.646022065,-1.720227598,-1.420782661,-1.643879771,-1.347189901,-1.842033458,-2.003785329,-1.644011015,-1.356765104,-2.021777011,-1.18855727,-1.116490302,-2.009943916,-1.780717787,-1.760097938)
mX=[48,4](0.5,0.5,0.5,0.5,0.75,0.25,0.75,0.25,0.25,0.75,0.25,0.75,0.375,0.375,0.625,0.125,0.875,0.875,0.125,0.625,0.625,0.125,0.375,0.375,0.125,0.625,0.875,0.875,0.1875,0.3125,0.3125,0.6875,0.6875,0.8125,0.8125,0.1875,0.9375,0.0625,0.5625,0.9375,0.4375,0.5625,0.0625,0.4375,0.3125,0.1875,0.9375,0.5625,0.8125,0.6875,0.4375,0.0625,0.5625,0.4375,0.1875,0.8125,0.0625,0.9375,0.6875,0.3125,0.09375,0.46875,0.84375,0.40625,0.8259226273,0.913761882,0,0,0.8052054052,0.7402452155,0.9999898936,0.3316199637,0.9860621553,0.8534547439,0.4090897146,0.1965693605,0.9520870882,0.7721878621,0.5529740896,0,1,0.8632073894,0.8795403935,0,0.8952913173,0.8142852981,0.5760997264,0,0.5880760898,1,0.3963114084,5.264730073e-05,1,0.7159582064,0.349984691,0,0.9315081276,0.7428914145,0.5577411579,8.230469216e-05,0.9725291333,0.779647177,0.001526252067,0,1,0.5796964104,0.7498903269,0.0001252312628,0.9598388754,0.7945908039,0.5487054338,0.9999973799,0.9999949483,0.7894768631,0.5094150124,0.01255596469,1,0.7591919269,0.4887834202,0.263320522,0.3644676765,0.09088976877,0,0,1,0.7913597609,0.5819005863,0.1301229904,0.8338828031,0.7537281588,0.3628483416,0.470366102,1,1,0.6528879283,0.9729777923,1,0.8749246458,0.743695711,0.7205203248,0.6817137395,1,1,1,0.6972119273,0.7371645952,0.6404645089,0.009743469302,0.9376799033,0.3713162556,0,0,1,0.5875025084,0.1950433369,0.4205762556,1,0.6765440501,0.4872332289,0.296246142,1,0.6371405593,0.6436596335,0.6187953085,0.7880064221,0.5941632211,0,8.553553541e-05,0.9999965324,0.7750226596,0.4759255445,0.08986151351,1,0.9307268318,0,1,1,0.3386095065,0,0.4343862966,0.9454925791,0.999877783,0.6142203878,0,0.8184836238,1,0.8443872329,0,0.8951376283,0.4681572379,0.311432163,1.624750853e-05)
mDebugBestPoints=[32,4](-31.25,0.71875,4.825,33.75,-31.25,0.71875,4.825,33.75,-20.83627068,0.8681092695,4.563625375,41.79416163,-22.87477471,0.7949690759,5.887361624,30,-22.87477471,0.7949690759,5.887361624,30,-22.87477471,0.7949690759,5.887361624,30,-22.87477471,0.7949690759,5.887361624,30,-22.87477471,0.7949690759,5.887361624,30,-22.87477471,0.7949690759,5.887361624,30,-22.87477471,0.7949690759,5.887361624,30,-22.87477471,0.7949690759,5.887361624,30,-22.87477471,0.7949690759,5.887361624,30,-20.0003031,0.8105291768,5.486618114,30.75335788,-20.0003031,0.8105291768,5.486618114,30.75335788,-20.0003031,0.8105291768,5.486618114,30.75335788,-20.0003031,0.8105291768,5.486618114,30.75335788,-20.0003031,0.8105291768,5.486618114,30.75335788,-20.0003031,0.8105291768,5.486618114,30.75335788,-20.0003031,0.8105291768,5.486618114,30.75335788,-20.0003031,0.8105291768,5.486618114,30.75335788,-20.0003031,0.8105291768,5.486618114,30.75335788,-20.0003031,0.8105291768,5.486618114,30.75335788,-20.0003031,0.8105291768,5.486618114,30.75335788,-20.0003031,0.8105291768,5.486618114,30.75335788,-20.0003031,0.8105291768,5.486618114,30.75335788,-20.0003031,0.8105291768,5.486618114,30.75335788,-20.0003031,0.8105291768,5.486618114,30.75335788,-20.0003031,0.8105291768,5.486618114,30.75335788,-20.0003031,0.8105291768,5.486618114,30.75335788,-20.0003031,0.8105291768,5.486618114,30.75335788,-20.0003031,0.8105291768,5.486618114,30.75335788,-20.0003031,0.8105291768,5.486618114,30.75335788)
