mCurrentIter=32
mCounterStuck=11
mYPrev=0
mParameters.n_iterations=32
mParameters.n_inner_iterations=500
mParameters.n_init_samples=16
mParameters.n_iter_relearn=1
mParameters.n_final_samples=0
mParameters.n_parallel_samples=1
mParameters.init_method=2
mParameters.surr_name=sGaussianProcess
mParameters.sigma_s=1
mParameters.noise=1e-06
mParameters.alpha=1
mParameters.beta=1
mParameters.sc_type=SC_MAP
mParameters.l_type=L_MCMC
mParameters.par_type=PAR_NONE
mParameters.burnout_mcmc_parallel=2500
mParameters.l_all=0
mParameters.use_spsa=0
mParameters.epsilon=0
mParameters.force_jump=20
mParameters.active_hyperparams_coef=0
mParameters.kernel.name=kMaternARD5
mParameters.kernel.hp_mean=[1](1)
mParameters.kernel.hp_std=[1](10)
mParameters.kernel.domain_center=[1,1](0.5)
mParameters.kernel.domain_std=[1,1](0.5)
mParameters.mean.name=mConst
mParameters.mean.coef_mean=[1](1)
mParameters.mean.coef_std=[1](1000)
mParameters.crit_name=cEI
mParameters.crit_params=[0]()
mParameters.unscented_alpha=1
mParameters.unscented_beta=2
mParameters.unscented_kappa=0
mParameters.input_noise_variance=-1
mParameters.use_unscented_criterion=1
mY=[48](-1.152416187,-0.7399041911,-0.8491534824,-1.134197367,-1.125287887,-1.164646096,-0.7044507036,-0.7612588708,-1.337504916,0.8255899589,-1.0600562,-0.6942821889,-1.349029371,-0.9353921061,-0.7567315397,-0.7792303489,-0.9746568976,-1.445684103,-1.284634572,-1.323685954,-1.381175276,-0.8990109145,-0.1987174328,-0.8786008895,-1.426763708,-1.415043614,-0.9928118797,-1.217624251,-0.9629953806,-0.9004822963,-0.9077070008,-1.063405592,-1.356489741,-1.377046515,-1.414131832,-1.014387939,0.8853006499,-1.095751158,-1.209092594,-1.135569499,-1.374071519,-1.207031852,-0.692444169,-1.207567765,-1.422917877,-1.405563211,-1.38885965,-1.131125337)
mX=[48,4](0.5,0.5,0.5,0.5,0.75,0.25,0.75,0.25,0.25,0.75,0.25,0.75,0.375,0.375,0.625,0.125,0.875,0.875,0.125,0.625,0.625,0.125,0.375,0.375,0.125,0.625,0.875,0.875,0.1875,0.3125,0.3125,0.6875,0.6875,0.8125,0.8125,0.1875,0.9375,0.0625,0.5625,0.9375,0.4375,0.5625,0.0625,0.4375,0.3125,0.1875,0.9375,0.5625,0.8125,0.6875,0.4375,0.0625,0.5625,0.4375,0.1875,0.8125,0.0625,0.9375,0.6875,0.3125,0.09375,0.46875,0.84375,0.40625,0.5573555457,0.3324620101,8.859426311e-05,0,0.7819219874,1,0.3617331012,0.07096752761,0.7820286473,0.9038672703,0.9999899895,0.0001001224861,0.6149634455,1,0.7019284499,0,0.7907622853,1,0.5227863792,0.2042450533,0.5124668147,0,1,0,1,0.4241006823,0.5532394944,0.4757181097,0.9451740633,1,0,0.01105050187,0.7272323736,0.9185596531,0.2751437134,3.376063686e-06,0.6949877492,0.9190675331,0.2694667096,0.2778543903,0.7568859387,0.6674390739,1,8.769958247e-05,0.6098866364,1,1,0.2836599054,0.4499760303,0.7701904497,0.9297998019,0.9999834251,0.4592945004,0,0.3980437511,0,0.5378356223,0.2210484402,0.7677841841,8.371903981e-05,0.7826419481,0.7573556605,0,0.2527088263,0.7564881446,0.9063886811,0.4887556022,0,0.6259861363,0.8056390828,0.3612316702,0.1385330406,0.7878988878,0.8934601289,0.2975010642,0.1617918003,0.9275149883,1,0.7946130293,0,0.9310778414,0.2486612801,0.9200444606,0.5043524601,0.5456372022,1,0,0,0.4451702712,0.8518987156,0.4532867188,0,0.7292359565,1,0.8827934416,0.9998865727,0.7071870935,0.4379264305,0.3734216887,0,0.6407918599,1,0.5915535391,0.6930287334,0,0.682898197,0,0,0.7627036571,0.3145618471,0.1919749761,0,0.7523550555,1,0.2656151591,0.1706601985,0.8446455031,1,0.3704856395,0,0.7965152385,1,0.3701187134,0.3862563426,0.2962665433,1,1,0)
mDebugBestPoints=[32,4](-31.25,0.71875,4.825,33.75,-33.08468075,1,4.127944531,34.25805166,-33.08468075,1,4.127944531,34.25805166,-33.08468075,1,4.127944531,34.25805166,-33.08468075,1,4.127944531,34.25805166,-33.08468075,1,4.127944531,34.25805166,-33.08468075,1,4.127944531,34.25805166,-33.08468075,1,4.127944531,34.25805166,-33.08468075,1,4.127944531,34.25805166,-33.08468075,1,4.127944531,34.25805166,-33.08468075,1,4.127944531,34.25805166,-33.08468075,1,4.127944531,34.25805166,-33.08468075,1,4.127944531,34.25805166,-33.08468075,1,4.127944531,34.25805166,-33.08468075,1,4.127944531,34.25805166,-33.08468075,1,4.127944531,34.25805166,-33.08468075,1,4.127944531,34.25805166,-33.08468075,1,4.127944531,34.25805166,-33.08468075,1,4.127944531,34.25805166,-33.08468075,1,4.127944531,34.25805166,-33.08468075,1,4.127944531,34.25805166,-33.08468075,1,4.127944531,34.25805166,-33.08468075,1,4.127944531,34.25805166,-33.08468075,1,4.127944531,34.25805166,-33.08468075,1,4.127944531,34.25805166,-33.08468075,1,4.127944531,34.25805166,-33.08468075,1,4.127944531,34.25805166,-33.08468075,1,4.127944531,34.25805166,-33.08468075,1,4.127944531,34.25805166,-33.08468075,1,4.127944531,34.25805166,-33.08468075,1,4.127944531,34.25805166,-33.08468075,1,4.127944531,34.25805166)
