mCurrentIter=32
mCounterStuck=11
mYPrev=0
mParameters.n_iterations=32
mParameters.n_inner_iterations=500
mParameters.n_init_samples=16
mParameters.n_iter_relearn=1
mParameters.n_final_samples=0
mParameters.n_parallel_samples=1
mParameters.init_method=2
mParameters.surr_name=sGaussianProcess
mParameters.sigma_s=1
mParameters.noise=1e-06
mParameters.alpha=1
mParameters.beta=1
mParameters.sc_type=SC_MAP
mParameters.l_type=L_MCMC
mParameters.par_type=PAR_NONE
mParameters.burnout_mcmc_parallel=2500
mParameters.l_all=0
mParameters.use_spsa=0
mParameters.epsilon=0
mParameters.force_jump=20
mParameters.active_hyperparams_coef=0
mParameters.kernel.name=kMaternARD5
mParameters.kernel.hp_mean=[1](1)
mParameters.kernel.hp_std=[1](10)
mParameters.kernel.domain_center=[1,1](0.5)
mParameters.kernel.domain_std=[1,1](0.5)
mParameters.mean.name=mConst
mParameters.mean.coef_mean=[1](1)
mParameters.mean.coef_std=[1](1000)
mParameters.crit_name=cEI
mParameters.crit_params=[0]()
mParameters.unscented_alpha=1
mParameters.unscented_beta=2
mParameters.unscented_kappa=0
mParameters.input_noise_variance=-1
mParameters.use_unscented_criterion=1
mY=[48](-0.8905385308,-0.5957285783,-0.7194984794,-0.8102157192,-1.100086244,-0.8479714874,-0.4890215902,-0.6505152582,-1.094882427,0.4329583672,-0.948511555,-0.4329157132,-1.226048132,-0.8909270351,-0.5698618925,-0.4749173464,-1.144214494,-1.09943411,-1.192188836,-0.9100645043,-1.372191224,-1.170764357,-1.307978537,-1.321585145,-1.305447936,-1.345455458,-1.32626378,-1.27553981,-1.009056428,-1.167150344,-0.8346538399,-0.6236987903,-0.8610833024,-1.139299332,-1.361903654,-1.344521004,-0.8397181775,-1.008949194,-0.9956371381,-1.317314422,-0.9456384081,-0.9604178726,-1.067342063,-0.7642911871,-0.7189717298,-0.8249608439,-0.8961548944,-1.015492244)
mX=[48,4](0.5,0.5,0.5,0.5,0.75,0.25,0.75,0.25,0.25,0.75,0.25,0.75,0.375,0.375,0.625,0.125,0.875,0.875,0.125,0.625,0.625,0.125,0.375,0.375,0.125,0.625,0.875,0.875,0.1875,0.3125,0.3125,0.6875,0.6875,0.8125,0.8125,0.1875,0.9375,0.0625,0.5625,0.9375,0.4375,0.5625,0.0625,0.4375,0.3125,0.1875,0.9375,0.5625,0.8125,0.6875,0.4375,0.0625,0.5625,0.4375,0.1875,0.8125,0.0625,0.9375,0.6875,0.3125,0.09375,0.46875,0.84375,0.40625,0.7775553653,0.9955738112,0,7.507840318e-17,0.791969259,0.7866115978,0,0.0001668895944,0.821583864,1,0.5148227853,0.002000758638,0.8476417387,0.7388086054,1,9.053751212e-05,0.747234853,0.8481966462,0.3714226163,0.1298613684,0.6217070021,1,0.2770027459,9.137928587e-05,0.7431996646,0.8989675857,0.3631482586,0.4177398224,0.7293906952,0.826880155,0.3795545419,0,0.7578484879,0.9999860777,0.2336066354,0.2713688692,0.7273627756,0.8190658252,0.3413406957,0.2058829901,0.7831005928,0.8791890927,0.3603569832,0.1795750218,0.6748284753,1,0.427273459,0.1911070922,0.7232147534,1,0,0.9958352603,0.7003247479,1,0,0.5951166434,0.2890187591,1,0,0,0.4231902195,0,0,0,0.3859789722,1,1,0,0.7518806574,1,0.5991448219,0.7670404404,0.7374861102,0.85091685,0.366391416,0.1186295996,0.7519519673,0.8369453411,0.3818414993,0.1403314507,0.3434431704,0.2890392805,0.2665327659,0.4792491617,0.6247543312,1,0.6396414292,0.6859541369,0.8177256834,0.9170696479,0.7565842096,0.7703588602,0.7533793288,0.8461404536,0.3032228012,0,0.6485194128,1,0.948424707,0.5997499096,0.5334865993,1,0,0,0.8285589485,1,8.591535493e-05,0.717437836,0.3792265331,1,7.47604547e-05,0.9999095406,0.1716739852,1,0,0,0.4921061361,1,0,1,0.4634412698,1,0.9999320381,0,0.86583256,0.4668565823,4.166655024e-06,0)
mDebugBestPoints=[32,4](-31.25,0.71875,4.825,33.75,-31.25,0.71875,4.825,33.75,-31.25,0.71875,4.825,33.75,-31.25,0.71875,4.825,33.75,-35.16590882,0.8633769816,4.21708807,37.7916821,-35.16590882,0.8633769816,4.21708807,37.7916821,-35.16590882,0.8633769816,4.21708807,37.7916821,-35.16590882,0.8633769816,4.21708807,37.7916821,-35.16590882,0.8633769816,4.21708807,37.7916821,-35.16590882,0.8633769816,4.21708807,37.7916821,-35.16590882,0.8633769816,4.21708807,37.7916821,-35.16590882,0.8633769816,4.21708807,37.7916821,-35.16590882,0.8633769816,4.21708807,37.7916821,-35.16590882,0.8633769816,4.21708807,37.7916821,-35.16590882,0.8633769816,4.21708807,37.7916821,-35.16590882,0.8633769816,4.21708807,37.7916821,-35.16590882,0.8633769816,4.21708807,37.7916821,-35.16590882,0.8633769816,4.21708807,37.7916821,-35.16590882,0.8633769816,4.21708807,37.7916821,-35.16590882,0.8633769816,4.21708807,37.7916821,-35.16590882,0.8633769816,4.21708807,37.7916821,-35.16590882,0.8633769816,4.21708807,37.7916821,-35.16590882,0.8633769816,4.21708807,37.7916821,-35.16590882,0.8633769816,4.21708807,37.7916821,-35.16590882,0.8633769816,4.21708807,37.7916821,-35.16590882,0.8633769816,4.21708807,37.7916821,-35.16590882,0.8633769816,4.21708807,37.7916821,-35.16590882,0.8633769816,4.21708807,37.7916821,-35.16590882,0.8633769816,4.21708807,37.7916821,-35.16590882,0.8633769816,4.21708807,37.7916821,-35.16590882,0.8633769816,4.21708807,37.7916821,-35.16590882,0.8633769816,4.21708807,37.7916821)
