mCurrentIter=32
mCounterStuck=11
mYPrev=0
mParameters.n_iterations=32
mParameters.n_inner_iterations=500
mParameters.n_init_samples=16
mParameters.n_iter_relearn=1
mParameters.n_final_samples=0
mParameters.n_parallel_samples=1
mParameters.init_method=2
mParameters.surr_name=sGaussianProcess
mParameters.sigma_s=1
mParameters.noise=1e-06
mParameters.alpha=1
mParameters.beta=1
mParameters.sc_type=SC_MAP
mParameters.l_type=L_MCMC
mParameters.par_type=PAR_NONE
mParameters.burnout_mcmc_parallel=2500
mParameters.l_all=0
mParameters.use_spsa=0
mParameters.epsilon=0
mParameters.force_jump=20
mParameters.active_hyperparams_coef=0
mParameters.kernel.name=kMaternARD5
mParameters.kernel.hp_mean=[1](1)
mParameters.kernel.hp_std=[1](10)
mParameters.kernel.domain_center=[1,1](0.5)
mParameters.kernel.domain_std=[1,1](0.5)
mParameters.mean.name=mConst
mParameters.mean.coef_mean=[1](1)
mParameters.mean.coef_std=[1](1000)
mParameters.crit_name=cEI
mParameters.crit_params=[0]()
mParameters.unscented_alpha=1
mParameters.unscented_beta=2
mParameters.unscented_kappa=0
mParameters.input_noise_variance=-1
mParameters.use_unscented_criterion=1
mY=[48](-0.1468063045,0.2783021362,-0.06843849744,-0.1765571111,0.2057335585,-0.05613527305,-0.06914614456,-0.07031129904,-0.1692136153,2.087602124,-0.1520846418,-0.02522135041,-0.001640880993,-0.05628280585,-0.19602493,-0.1543988793,0.07656527145,-0.1761329771,-0.184745017,-0.1543088763,-0.05420174148,-0.1874544698,-0.1842631744,-0.1923027999,-0.09338627222,-0.1882889469,-0.1728422569,0.03414732562,-0.08445020034,-0.2016834765,-0.01572894392,-0.1385933304,-0.1593477955,-0.08436508813,-0.04896056656,-0.1736329918,-0.1338694609,-0.2239638247,-0.04030661945,-0.1469266557,-0.2297487771,-0.2105575027,-0.200810257,-0.1865102201,0.2134575461,-0.1794041758,-0.220142844,-0.2003187925)
mX=[48,4](0.5,0.5,0.5,0.5,0.75,0.25,0.75,0.25,0.25,0.75,0.25,0.75,0.375,0.375,0.625,0.125,0.875,0.875,0.125,0.625,0.625,0.125,0.375,0.375,0.125,0.625,0.875,0.875,0.1875,0.3125,0.3125,0.6875,0.6875,0.8125,0.8125,0.1875,0.9375,0.0625,0.5625,0.9375,0.4375,0.5625,0.0625,0.4375,0.3125,0.1875,0.9375,0.5625,0.8125,0.6875,0.4375,0.0625,0.5625,0.4375,0.1875,0.8125,0.0625,0.9375,0.6875,0.3125,0.09375,0.46875,0.84375,0.40625,0.4906483937,0.1193378883,6.65918297e-05,0,0.4914493156,1,1,0,0.2079875825,0.7582267175,0.9999161898,0,0.5591592613,0.6351549457,1,0,0,0.6938455967,0,0,0.3816644415,0.7219137719,1,0,0.1224253924,1,1,0,0.2825004817,0.5379173144,0.9999869237,0.1559558152,0.1624254752,1,0,0.2851548937,0.4839946718,0.7512305888,0.9998987176,0,0.1357302642,0.4987571427,0.9998991027,0,0.7656707603,1,2.499801684e-13,0,0,9.292931103e-16,1,7.442237452e-15,0.6385191502,1,0.1695640341,0.4628977061,0.5793038995,1,0.9999977576,1,0.5802108321,0.875430734,0,0.3202699778,0.4598202544,0.522788445,1,0,0.1422939726,0,0.9999395043,0,0.5321994374,1,0,0.8375812191,0.07076241681,1,1,0,0.04808910633,0.4160166576,0.2860558934,0.4644010104,0.6218201364,1,0.7170202624,0.3461310958,0.08614001564,0.7961279988,8.133169184e-05,0,0.2172112739,1,1,0.4468363868,0.6445810522,0.8529593039,0.4391225787,0.3067669664,0.6750845904,1,0.5038587189,0.3061748827,0.5104653874,0.9324503144,1,0.2615115251,0.6353110485,0.6190225981,0.1362529259,0.4046729192,0.4348213625,0,0,0.5030357923,0.5792260849,0.5058183108,0.4278065688,0.03021471891,0.399600615,0.7668255857,0.4566387654,0.1704894989,0.6402204075,0.9218422269,0.493651577,0.4627054483)
mDebugBestPoints=[32,4](-76.25,0.94375,7.125,48.75,-76.25,0.94375,7.125,48.75,-76.25,0.94375,7.125,48.75,-76.25,0.94375,7.125,48.75,-76.25,0.94375,7.125,48.75,-76.25,0.94375,7.125,48.75,-76.25,0.94375,7.125,48.75,-76.25,0.94375,7.125,48.75,-76.25,0.94375,7.125,48.75,-76.25,0.94375,7.125,48.75,-76.25,0.94375,7.125,48.75,-76.25,0.94375,7.125,48.75,-76.25,0.94375,7.125,48.75,-41.68885099,1,2.359989113,57.77386236,-41.68885099,1,2.359989113,57.77386236,-41.68885099,1,2.359989113,57.77386236,-41.68885099,1,2.359989113,57.77386236,-41.68885099,1,2.359989113,57.77386236,-41.68885099,1,2.359989113,57.77386236,-41.68885099,1,2.359989113,57.77386236,-41.68885099,1,2.359989113,57.77386236,-42.69079182,1,7.396586414,50.76786575,-42.69079182,1,7.396586414,50.76786575,-42.69079182,1,7.396586414,50.76786575,-41.32513687,0.8676633735,4.839927724,48.40601799,-41.32513687,0.8676633735,4.839927724,48.40601799,-41.32513687,0.8676633735,4.839927724,48.40601799,-41.32513687,0.8676633735,4.839927724,48.40601799,-41.32513687,0.8676633735,4.839927724,48.40601799,-41.32513687,0.8676633735,4.839927724,48.40601799,-41.32513687,0.8676633735,4.839927724,48.40601799,-41.32513687,0.8676633735,4.839927724,48.40601799)
