mCurrentIter=32
mCounterStuck=11
mYPrev=0
mParameters.n_iterations=32
mParameters.n_inner_iterations=500
mParameters.n_init_samples=16
mParameters.n_iter_relearn=1
mParameters.n_final_samples=0
mParameters.n_parallel_samples=1
mParameters.init_method=2
mParameters.surr_name=sGaussianProcess
mParameters.sigma_s=1
mParameters.noise=1e-06
mParameters.alpha=1
mParameters.beta=1
mParameters.sc_type=SC_MAP
mParameters.l_type=L_MCMC
mParameters.par_type=PAR_NONE
mParameters.burnout_mcmc_parallel=2500
mParameters.l_all=0
mParameters.use_spsa=0
mParameters.epsilon=0
mParameters.force_jump=20
mParameters.active_hyperparams_coef=0
mParameters.kernel.name=kMaternARD5
mParameters.kernel.hp_mean=[1](1)
mParameters.kernel.hp_std=[1](10)
mParameters.kernel.domain_center=[1,1](0.5)
mParameters.kernel.domain_std=[1,1](0.5)
mParameters.mean.name=mConst
mParameters.mean.coef_mean=[1](1)
mParameters.mean.coef_std=[1](1000)
mParameters.crit_name=cEI
mParameters.crit_params=[0]()
mParameters.unscented_alpha=1
mParameters.unscented_beta=2
mParameters.unscented_kappa=0
mParameters.input_noise_variance=-1
mParameters.use_unscented_criterion=1
mY=[48](-1.214347666,-1.477192552,-0.826809344,-1.09077833,-1.419752067,-1.355614162,-0.6547976655,-0.7366110207,-1.484041325,-1.101764591,-1.023284942,-0.9094698644,-1.542093515,-1.055492075,-0.6633600381,-0.6839162568,-1.688815486,-1.737147682,-1.580793484,-1.684621641,-1.324794298,-1.708940132,-1.644423911,-1.711314946,-1.393301847,-1.528547017,-1.538941981,-1.362839376,-1.648124182,-1.394402158,-0.5433911278,-1.698589407,-1.694470444,-1.545279004,-1.718456801,-1.651044427,-1.195895206,-1.588912708,-1.696577705,-1.678624526,-1.61503734,-1.5898027,-1.410852042,-1.667222173,-1.357648844,-1.613145667,-1.268020056,-1.698021618)
mX=[48,4](0.5,0.5,0.5,0.5,0.75,0.25,0.75,0.25,0.25,0.75,0.25,0.75,0.375,0.375,0.625,0.125,0.875,0.875,0.125,0.625,0.625,0.125,0.375,0.375,0.125,0.625,0.875,0.875,0.1875,0.3125,0.3125,0.6875,0.6875,0.8125,0.8125,0.1875,0.9375,0.0625,0.5625,0.9375,0.4375,0.5625,0.0625,0.4375,0.3125,0.1875,0.9375,0.5625,0.8125,0.6875,0.4375,0.0625,0.5625,0.4375,0.1875,0.8125,0.0625,0.9375,0.6875,0.3125,0.09375,0.46875,0.84375,0.40625,0.9676513225,1,0.4215290017,0.2258869946,1,1,0.4836828555,0.2455463724,1,1,0.9276613175,0,1,1,0.6429225247,0.2995426584,1,1,0,0.1827747882,1,1,0.5968297253,0.06959498237,1,0.6145555528,0.5087520899,0.229983356,1,1,0.4589432782,0.3956256308,1,1,1,1,1,1,1,0.4188721892,1,0.5544998901,1,0,1,0.5386388469,0.8458339994,0.2115968586,1,0.3216221694,0.25505146,0,0.7106274008,0,1,0,1,0,0.01492299082,0,1,1,0.2800649118,0,1,0.621718955,0.32045807,0,1,0.31673377,0.4343811406,0,1,1,0.530840878,0.2551720752,1,1,0.1791898975,0,0.519207797,0.009493680671,0.4177330935,0.5437247604,0.8926919233,0.6455283022,0.2444703399,0,1,1,0.4736299615,0,0.9155741182,1,0.695929173,0,0.8568819041,1,0.6250673124,0.171947212,0.7540958526,1,1,0,0.999898539,1,0.7563139539,0.9998921204,1,0.7347484601,0.2793292682,0.2759273603,0.6815544232,0.9999002253,0.9999833068,0.9999074545,1,1,0.7442920053,0,0.8423767773,0,1,1,0.9015273765,0.9998435525,0.7198566893,0.3476212141)
mDebugBestPoints=[32,4](-21.94092065,1,4.678066815,43.55321968,-20,1,5.249882271,44.73278234,-20,1,5.249882271,44.73278234,-20,1,5.249882271,44.73278234,-20,1,5.249882271,44.73278234,-20,1,5.249882271,44.73278234,-20,1,5.249882271,44.73278234,-20,1,5.249882271,44.73278234,-20,1,5.249882271,44.73278234,-20,1,5.249882271,44.73278234,-20,1,5.249882271,44.73278234,-20,1,5.249882271,44.73278234,-20,1,5.249882271,44.73278234,-20,1,5.249882271,44.73278234,-20,1,5.249882271,44.73278234,-20,1,5.249882271,44.73278234,-20,1,5.249882271,44.73278234,-20,1,5.249882271,44.73278234,-20,1,5.249882271,44.73278234,-20,1,5.249882271,44.73278234,-20,1,5.249882271,44.73278234,-20,1,5.249882271,44.73278234,-20,1,5.249882271,44.73278234,-20,1,5.249882271,44.73278234,-20,1,5.249882271,44.73278234,-20,1,5.249882271,44.73278234,-20,1,5.249882271,44.73278234,-20,1,5.249882271,44.73278234,-20,1,5.249882271,44.73278234,-20,1,5.249882271,44.73278234,-20,1,5.249882271,44.73278234,-20,1,5.249882271,44.73278234)
