mCurrentIter=32
mCounterStuck=11
mYPrev=0
mParameters.n_iterations=32
mParameters.n_inner_iterations=500
mParameters.n_init_samples=16
mParameters.n_iter_relearn=1
mParameters.n_final_samples=0
mParameters.n_parallel_samples=1
mParameters.init_method=2
mParameters.surr_name=sGaussianProcess
mParameters.sigma_s=1
mParameters.noise=1e-06
mParameters.alpha=1
mParameters.beta=1
mParameters.sc_type=SC_MAP
mParameters.l_type=L_MCMC
mParameters.par_type=PAR_NONE
mParameters.burnout_mcmc_parallel=2500
mParameters.l_all=0
mParameters.use_spsa=0
mParameters.epsilon=0
mParameters.force_jump=20
mParameters.active_hyperparams_coef=0
mParameters.kernel.name=kMaternARD5
mParameters.kernel.hp_mean=[1](1)
mParameters.kernel.hp_std=[1](10)
mParameters.kernel.domain_center=[1,1](0.5)
mParameters.kernel.domain_std=[1,1](0.5)
mParameters.mean.name=mConst
mParameters.mean.coef_mean=[1](1)
mParameters.mean.coef_std=[1](1000)
mParameters.crit_name=cEI
mParameters.crit_params=[0]()
mParameters.unscented_alpha=1
mParameters.unscented_beta=2
mParameters.unscented_kappa=0
mParameters.input_noise_variance=-1
mParameters.use_unscented_criterion=1
mY=[48](-0.2831550052,-0.1071619709,-0.209072341,-0.3002584521,0.0710736207,-0.2485805229,-0.1333909377,-0.1769779932,-0.2500963714,0.8187247059,-0.238881272,-0.2030478461,-0.08796507468,-0.1411189863,-0.1939410778,-0.1900324648,-0.2980814935,-0.3193014375,-0.1828498098,-0.3147602731,-0.1869521459,-0.2673372822,0.07178685631,-0.3084518883,-0.23319683,-0.1757023022,-0.3292390181,-0.2787629943,-0.2112500109,-0.317130537,-0.3199994675,-0.2960027436,-0.3199805498,-0.2710807828,-0.2532999012,0.1331362423,-0.1529541347,-0.3404817053,-0.2124358294,-0.2870580647,-0.1684050094,-0.3042584342,-0.1364112424,-0.2464516378,0.4324407714,-0.1813664696,-0.2523501144,0.31043729)
mX=[48,4](0.5,0.5,0.5,0.5,0.75,0.25,0.75,0.25,0.25,0.75,0.25,0.75,0.375,0.375,0.625,0.125,0.875,0.875,0.125,0.625,0.625,0.125,0.375,0.375,0.125,0.625,0.875,0.875,0.1875,0.3125,0.3125,0.6875,0.6875,0.8125,0.8125,0.1875,0.9375,0.0625,0.5625,0.9375,0.4375,0.5625,0.0625,0.4375,0.3125,0.1875,0.9375,0.5625,0.8125,0.6875,0.4375,0.0625,0.5625,0.4375,0.1875,0.8125,0.0625,0.9375,0.6875,0.3125,0.09375,0.46875,0.84375,0.40625,0.5444290367,1,0.9999229736,0,0.5418382156,0.9999100013,0.9999935977,0.1359708449,0.2029567777,0,1,0,0.5278891264,1,0.7012902797,0.1718252093,0.520313484,0.128610938,1,0,0.325947264,1,0.9999263561,0.06705187204,0,0,0.0005775767051,0.2054028353,0.5982501551,1,0.8645999093,0.4331645692,0.2484364911,0.5855347075,0.9999068912,2.749714376e-09,0.4984559654,1,0,0.08242097439,0.4905704368,1,0.8872582413,0.3634031749,0.2917628442,1,0.4279022636,0.2268745415,0.4830549237,0,0.2093482804,0,0.5222277241,1,0.8537571544,0.311551293,0.5056560598,1,0.4178743937,0.3094972621,0.4145639864,1,1,0.5206270912,0.4232404771,1,0.614010363,0.3174744749,0.6346577404,1,0.3259855504,0.4065272493,0.5960833561,1,0.4938826453,0,7.410474531e-14,0,0,1,0.693628724,0.3340677901,0.7144873918,0.6547245164,0.4741301981,0.9999226962,1,0.2929943641,0.5117523553,1,1,1,0.4199007185,1,0.5813956405,0,0.1866430292,0.9999988384,1.846507677e-05,5.540410763e-05,0.4663869301,0.7012020846,0.5213869484,0.2195488531,6.23055458e-15,1,1,3.055972106e-14,0.2282726422,0.9999810081,0.7227100338,0.0001084664034,0.7487599645,7.498292978e-05,0,0.06674908931,0.4703853024,0,0.5172115301,0.3075223851,0.5627449696,0.3101785457,0.4361066985,2.462797253e-05,0.9391476157,1,1,0)
mDebugBestPoints=[32,4](-57.5,0.4375,6.55,37.5,-47.48970707,0.9999190012,9.999941099,38.1582507,-47.48970707,0.9999190012,9.999941099,38.1582507,-47.48970707,0.9999190012,9.999941099,38.1582507,-47.48970707,0.9999190012,9.999941099,38.1582507,-47.48970707,0.9999190012,9.999941099,38.1582507,-47.48970707,0.9999190012,9.999941099,38.1582507,-47.48970707,0.9999190012,9.999941099,38.1582507,-47.48970707,0.9999190012,9.999941099,38.1582507,-47.48970707,0.9999190012,9.999941099,38.1582507,-50.56577379,1,8.96277582,51.8041905,-50.56577379,1,8.96277582,51.8041905,-50.56577379,1,8.96277582,51.8041905,-50.56577379,1,8.96277582,51.8041905,-50.56577379,1,8.96277582,51.8041905,-50.56577379,1,8.96277582,51.8041905,-50.56577379,1,8.96277582,51.8041905,-50.56577379,1,8.96277582,51.8041905,-50.56577379,1,8.96277582,51.8041905,-50.56577379,1,8.96277582,51.8041905,-50.56577379,1,8.96277582,51.8041905,-51.55218811,0.9999304265,10,47.57966184,-51.55218811,0.9999304265,10,47.57966184,-51.55218811,0.9999304265,10,47.57966184,-51.55218811,0.9999304265,10,47.57966184,-51.55218811,0.9999304265,10,47.57966184,-51.55218811,0.9999304265,10,47.57966184,-51.55218811,0.9999304265,10,47.57966184,-51.55218811,0.9999304265,10,47.57966184,-51.55218811,0.9999304265,10,47.57966184,-51.55218811,0.9999304265,10,47.57966184,-51.55218811,0.9999304265,10,47.57966184)
