mCurrentIter=32
mCounterStuck=11
mYPrev=0
mParameters.n_iterations=32
mParameters.n_inner_iterations=500
mParameters.n_init_samples=16
mParameters.n_iter_relearn=1
mParameters.n_final_samples=0
mParameters.n_parallel_samples=1
mParameters.init_method=2
mParameters.surr_name=sGaussianProcess
mParameters.sigma_s=1
mParameters.noise=1e-06
mParameters.alpha=1
mParameters.beta=1
mParameters.sc_type=SC_MAP
mParameters.l_type=L_MCMC
mParameters.par_type=PAR_NONE
mParameters.burnout_mcmc_parallel=2500
mParameters.l_all=0
mParameters.use_spsa=0
mParameters.epsilon=0
mParameters.force_jump=20
mParameters.active_hyperparams_coef=0
mParameters.kernel.name=kMaternARD5
mParameters.kernel.hp_mean=[1](1)
mParameters.kernel.hp_std=[1](10)
mParameters.kernel.domain_center=[1,1](0.5)
mParameters.kernel.domain_std=[1,1](0.5)
mParameters.mean.name=mConst
mParameters.mean.coef_mean=[1](1)
mParameters.mean.coef_std=[1](1000)
mParameters.crit_name=cEI
mParameters.crit_params=[0]()
mParameters.unscented_alpha=1
mParameters.unscented_beta=2
mParameters.unscented_kappa=0
mParameters.input_noise_variance=-1
mParameters.use_unscented_criterion=1
mY=[48](-0.1311647088,0.5387546242,-0.09577985791,-0.2323212194,0.3514384418,0.03545462246,-0.04012039064,-0.1232606755,-0.08066178169,2.941866181,-0.1806133044,0.01641125473,0.2012411923,-0.06351954428,-0.1902119062,-0.1413337394,0.04943687487,-0.2298708549,-0.155300915,-0.1406913722,-0.02683562081,-0.0790368291,-0.1690026392,-0.1456070937,-0.167521491,-0.1296006268,-0.1542410617,-0.2317680824,-0.1968678469,-0.1980817836,-0.2341850709,-0.1805115749,-0.1181020002,-0.2080044346,-0.1021406371,-0.1825004064,-0.05249458325,-0.2240013611,-0.05698825984,-0.2234863681,0.2037822148,-0.2204910632,-0.2344749409,0.1254043399,-0.1692700066,-0.1634697064,-0.07591517965,-0.160996083)
mX=[48,4](0.5,0.5,0.5,0.5,0.75,0.25,0.75,0.25,0.25,0.75,0.25,0.75,0.375,0.375,0.625,0.125,0.875,0.875,0.125,0.625,0.625,0.125,0.375,0.375,0.125,0.625,0.875,0.875,0.1875,0.3125,0.3125,0.6875,0.6875,0.8125,0.8125,0.1875,0.9375,0.0625,0.5625,0.9375,0.4375,0.5625,0.0625,0.4375,0.3125,0.1875,0.9375,0.5625,0.8125,0.6875,0.4375,0.0625,0.5625,0.4375,0.1875,0.8125,0.0625,0.9375,0.6875,0.3125,0.09375,0.46875,0.84375,0.40625,0.4714491694,0.1844414508,0.9999952348,9.620684141e-05,0.3824800966,1,1,0,0.5202993319,1,9.664916196e-05,0,0.3354504363,0.5427930817,8.459790494e-05,0,0.4470301287,0.8589621603,1,0.9999114028,0,0.0368897785,0,0,0.2248266067,1,0.0001238379899,0,0,0.3257921566,0,0,0.1206679708,0,0.9998277975,0,0.08484116151,0.1947363367,0.0001012951792,0,0,1,0,3.750138477e-16,0.3866118679,0.385028213,0.6260200273,0.1257193091,0,0.7239576905,0.9998093665,0,0.1623149205,0.5674375835,0.9999031141,0,0.1110374611,1,1,0,0.3164630771,1,1,0.3509499873,0.6612537717,1,0,0.5376642811,0.08367747543,0.8693319285,1,0,0.1859933015,0.2875931356,1,0,0.1549736176,1,0.9999651227,0.2665369278,0.03833853593,0.6487624147,0.9734930671,0.8387910074,0.3419609033,0.8919737001,0.6605567815,0,0.4389786122,0.1280676183,0,0,0.1312434513,1,0.4380760492,0,0.4185422016,0,6.951266222e-05,1,0.3861181947,0.8675993252,1.68401901e-05,0.1952148733,0.3880700391,0.5335671011,0.5634108623,0,0.7838950702,1,0,0,0.5830183993,0.7856623376,1.492933265e-05,0.2882691294,0.4369889358,0.7927093887,4.388226569e-07,0,0.5305351944,1,0.9999014644,0.6444663921,0.02963998747,0.5795490317,9.633258102e-05,0)
mDebugBestPoints=[32,4](-57.5,0.4375,6.55,37.5,-57.5,0.4375,6.55,37.5,-57.5,0.4375,6.55,37.5,-57.5,0.4375,6.55,37.5,-57.5,0.4375,6.55,37.5,-57.5,0.4375,6.55,37.5,-57.5,0.4375,6.55,37.5,-57.5,0.4375,6.55,37.5,-57.5,0.4375,6.55,37.5,-57.5,0.4375,6.55,37.5,-57.5,0.4375,6.55,37.5,-57.5,0.4375,6.55,37.5,-57.5,0.4375,6.55,37.5,-57.5,0.4375,6.55,37.5,-73.33775234,1,10,30,-73.33775234,1,10,30,-73.33775234,1,10,30,-73.33775234,1,10,30,-73.33775234,1,10,30,-73.33775234,1,10,30,-73.33775234,1,10,30,-73.33775234,1,10,30,-73.33775234,1,10,30,-73.33775234,1,10,30,-73.33775234,1,10,30,-73.33775234,1,10,30,-56.71579765,0.580210391,5.983379933,30,-56.71579765,0.580210391,5.983379933,30,-56.71579765,0.580210391,5.983379933,30,-56.71579765,0.580210391,5.983379933,30,-56.71579765,0.580210391,5.983379933,30,-56.71579765,0.580210391,5.983379933,30)
