mCurrentIter=32
mCounterStuck=11
mYPrev=0
mParameters.n_iterations=32
mParameters.n_inner_iterations=500
mParameters.n_init_samples=16
mParameters.n_iter_relearn=1
mParameters.n_final_samples=0
mParameters.n_parallel_samples=1
mParameters.init_method=2
mParameters.surr_name=sGaussianProcess
mParameters.sigma_s=1
mParameters.noise=1e-06
mParameters.alpha=1
mParameters.beta=1
mParameters.sc_type=SC_MAP
mParameters.l_type=L_MCMC
mParameters.par_type=PAR_NONE
mParameters.burnout_mcmc_parallel=2500
mParameters.l_all=0
mParameters.use_spsa=0
mParameters.epsilon=0
mParameters.force_jump=20
mParameters.active_hyperparams_coef=0
mParameters.kernel.name=kMaternARD5
mParameters.kernel.hp_mean=[1](1)
mParameters.kernel.hp_std=[1](10)
mParameters.kernel.domain_center=[1,1](0.5)
mParameters.kernel.domain_std=[1,1](0.5)
mParameters.mean.name=mConst
mParameters.mean.coef_mean=[1](1)
mParameters.mean.coef_std=[1](1000)
mParameters.crit_name=cEI
mParameters.crit_params=[0]()
mParameters.unscented_alpha=1
mParameters.unscented_beta=2
mParameters.unscented_kappa=0
mParameters.input_noise_variance=-1
mParameters.use_unscented_criterion=1
mY=[48](-1.352141997,-1.614094275,-0.9846070775,-1.298985943,-1.618668662,-1.446789887,-0.9849037047,-0.8705052124,-1.703751589,-0.8227568884,-1.125736266,-1.210900162,-1.797650498,-1.263322613,-0.9322747365,-0.9975815008,-1.413667317,-1.87979771,-1.62225673,-1.931102197,-1.273949917,-1.866918608,-1.594130746,-1.934070706,-1.458259808,-1.823298677,-1.988317221,-1.497056927,-1.880136244,-1.895373226,-1.273365049,-1.672247898,-1.974886088,-1.92316297,-1.213411085,-1.808917344,-1.621344853,-1.854203056,-1.667731717,-0.3462923162,-1.453649224,-1.65552152,-1.735401968,-1.54513068,-1.163875168,-1.605020395,-1.288660656,-1.508999726)
mX=[48,4](0.5,0.5,0.5,0.5,0.75,0.25,0.75,0.25,0.25,0.75,0.25,0.75,0.375,0.375,0.625,0.125,0.875,0.875,0.125,0.625,0.625,0.125,0.375,0.375,0.125,0.625,0.875,0.875,0.1875,0.3125,0.3125,0.6875,0.6875,0.8125,0.8125,0.1875,0.9375,0.0625,0.5625,0.9375,0.4375,0.5625,0.0625,0.4375,0.3125,0.1875,0.9375,0.5625,0.8125,0.6875,0.4375,0.0625,0.5625,0.4375,0.1875,0.8125,0.0625,0.9375,0.6875,0.3125,0.09375,0.46875,0.84375,0.40625,0.9662158948,1,0.06052247395,0,0.8020738475,0.7891494233,1,0,0.8877959855,0.6754293158,1,0,0.7954193337,1,1,0,0.5899121193,0,1,1,0.8057906623,1,0.7805345835,0,0.7812077103,1,0,0,0.8128643701,1,1,0.3976733355,0.4543764233,1,1,0,0.8032707871,0.9999998315,0.9999998116,0.9999997086,0.7953933007,1,1,0.2482052968,0.7454971805,1,0.02181853617,1,0.7669880567,1,1,0.3311039509,0.8360284244,1,1,0.2036380942,0.7903259589,0,0.9999999997,1,0.6000701408,1,1,0,0.7934573941,1,1,0.1760056694,0.8085321998,1,0.6382455464,0.300170003,0.5411120709,0,1,0,0.7821963443,1,1,0.7866281098,0.649567727,0.3163412213,0.7259423591,0.517309173,0.8024580218,0.8549735113,1,0.273124294,0.7574156314,0.6187138475,1,1,0.853395835,0,0,0,0.9286464445,1,1,0.9064419169,0.8151997465,0.4294663092,1,0.6421820292,0.6574331105,0.5329892638,1,0,0.5930997355,1,1,1,0.2427871494,1,1,0,0.8909895075,1,1,0.5011896973,0.4208049978,1,1,1,0.5398593368,1,1,0.4756374892)
mDebugBestPoints=[32,4](-31.25,0.71875,4.825,33.75,-31.87556915,0.810234481,10,30,-31.87556915,0.810234481,10,30,-32.27483998,1,10,30,-32.27483998,1,10,30,-32.27483998,1,10,30,-32.27483998,1,10,30,-31.22813779,1,10,53.86040013,-31.22813779,1,10,53.86040013,-31.22813779,1,10,53.86040013,-32.27640196,1,10,44.89231781,-32.27640196,1,10,44.89231781,-32.27640196,1,10,44.89231781,-32.27640196,1,10,44.89231781,-32.27640196,1,10,44.89231781,-32.27640196,1,10,44.89231781,-32.27640196,1,10,44.89231781,-32.27640196,1,10,44.89231781,-32.27640196,1,10,44.89231781,-32.27640196,1,10,44.89231781,-32.27640196,1,10,44.89231781,-32.27640196,1,10,44.89231781,-32.27640196,1,10,44.89231781,-32.27640196,1,10,44.89231781,-32.27640196,1,10,44.89231781,-32.27640196,1,10,44.89231781,-32.27640196,1,10,44.89231781,-32.27640196,1,10,44.89231781,-32.27640196,1,10,44.89231781,-32.27640196,1,10,44.89231781,-32.27640196,1,10,44.89231781,-32.27640196,1,10,44.89231781)
