mCurrentIter=32
mCounterStuck=11
mYPrev=0
mParameters.n_iterations=32
mParameters.n_inner_iterations=500
mParameters.n_init_samples=16
mParameters.n_iter_relearn=1
mParameters.n_final_samples=0
mParameters.n_parallel_samples=1
mParameters.init_method=2
mParameters.surr_name=sGaussianProcess
mParameters.sigma_s=1
mParameters.noise=1e-06
mParameters.alpha=1
mParameters.beta=1
mParameters.sc_type=SC_MAP
mParameters.l_type=L_MCMC
mParameters.par_type=PAR_NONE
mParameters.burnout_mcmc_parallel=2500
mParameters.l_all=0
mParameters.use_spsa=0
mParameters.epsilon=0
mParameters.force_jump=20
mParameters.active_hyperparams_coef=0
mParameters.kernel.name=kMaternARD5
mParameters.kernel.hp_mean=[1](1)
mParameters.kernel.hp_std=[1](10)
mParameters.kernel.domain_center=[1,1](0.5)
mParameters.kernel.domain_std=[1,1](0.5)
mParameters.mean.name=mConst
mParameters.mean.coef_mean=[1](1)
mParameters.mean.coef_std=[1](1000)
mParameters.crit_name=cEI
mParameters.crit_params=[0]()
mParameters.unscented_alpha=1
mParameters.unscented_beta=2
mParameters.unscented_kappa=0
mParameters.input_noise_variance=-1
mParameters.use_unscented_criterion=1
mY=[48](-0.2448531613,0.4819445484,-0.1836072639,-0.3241133329,0.1974011889,-0.1125452555,-0.1061313759,-0.1444521481,-0.1711183617,2.217186598,-0.2650982165,0.05193629854,-0.03978567393,-0.02950975314,-0.2121937246,-0.1977177438,-0.1338548228,-0.3427810006,-0.3192090702,-0.2972227126,-0.3302359769,-0.3071489222,-0.2147068753,0.2648441625,-0.3393258421,-0.2527103213,-0.12453704,0.004091791917,-0.3386926961,-0.3626143027,-0.3372203798,-0.3370134672,-0.06788841895,0.1815808763,-0.4066552511,-0.2850107641,-0.02228579811,0.009981525237,0.01096248539,-0.2329419285,-0.2051228264,0.01231064163,-0.08547920786,-0.2930745502,-0.2768730362,-0.1421618373,-0.0578871172,-0.2044503103)
mX=[48,4](0.5,0.5,0.5,0.5,0.75,0.25,0.75,0.25,0.25,0.75,0.25,0.75,0.375,0.375,0.625,0.125,0.875,0.875,0.125,0.625,0.625,0.125,0.375,0.375,0.125,0.625,0.875,0.875,0.1875,0.3125,0.3125,0.6875,0.6875,0.8125,0.8125,0.1875,0.9375,0.0625,0.5625,0.9375,0.4375,0.5625,0.0625,0.4375,0.3125,0.1875,0.9375,0.5625,0.8125,0.6875,0.4375,0.0625,0.5625,0.4375,0.1875,0.8125,0.0625,0.9375,0.6875,0.3125,0.09375,0.46875,0.84375,0.40625,0.5158832066,0.2812437791,9.108832882e-05,0,0.5761771587,1,0.4213890602,0.06686998918,0.5183659951,1,1,0.1483093708,0.5172785842,0.8576826541,0.9999369296,0,0.232386165,1,1,0,0.3316943359,1,0.0001430829371,0.1959109089,0.3008527311,0.4501734275,1,8.625933649e-05,0.525958665,0,0.9998994619,0.9999232633,0.2501614966,0.914291684,0.9999099979,6.408055798e-06,0.1911773693,0.8411095207,0,0.2987967437,0,0.1594843412,0,0,0.5503918316,0.6830144181,1,0.9999230294,0.3841864507,0.726254827,1,0,0.3994944576,1,0.5957930753,0,0.4232510349,0.5072252025,0.6097362159,0.1719399876,0.3231426103,0.6003450777,0.2639069142,0,0.6234804371,1,0,0.5747484242,0,5.553612365e-17,7.502995499e-16,1,0.3487603398,1,0.9383872762,7.094347884e-20,0.1595573655,0.7265455411,0.5112456793,2.038814815e-05,0.7932660305,0.8936490722,0.8148185113,0.2164494132,0.4585594188,0,0.4346163085,0,0.109825866,0,3.833913018e-05,0,0,1,6.890898269e-17,7.468280189e-16,0.1025204057,0.2737362829,9.302869357e-05,0,0.7799928428,1,0,0,0.4088790216,1,0.096046143,1,0,0.6210186137,0.9999065876,0,0.4785841064,0.7771518976,0.1797671244,0,0.5048576883,0.1800617088,1.755113487e-05,0.3491479155,0.6169382678,0.6271097914,5.850394011e-05,0,0.5494310184,0.8056839235,0.9999809197,0.3572305143)
mDebugBestPoints=[32,4](-57.5,0.4375,6.55,37.5,-45.42937048,1,4.676779354,34.01219935,-45.42937048,1,4.676779354,34.01219935,-45.42937048,1,4.676779354,34.01219935,-45.42937048,1,4.676779354,34.01219935,-45.42937048,1,4.676779354,34.01219935,-45.42937048,1,4.676779354,34.01219935,-45.42937048,1,4.676779354,34.01219935,-45.42937048,1,4.676779354,34.01219935,-45.42937048,1,4.676779354,34.01219935,-45.42937048,1,4.676779354,34.01219935,-45.42937048,1,4.676779354,34.01219935,-45.42937048,1,4.676779354,34.01219935,-56.03033254,1,6.281296293,30,-56.03033254,1,6.281296293,30,-56.03033254,1,6.281296293,30,-56.03033254,1,6.281296293,30,-56.03033254,1,6.281296293,30,-59.07437961,1,9.433162941,30,-59.07437961,1,9.433162941,30,-59.07437961,1,9.433162941,30,-59.07437961,1,9.433162941,30,-59.07437961,1,9.433162941,30,-59.07437961,1,9.433162941,30,-59.07437961,1,9.433162941,30,-59.07437961,1,9.433162941,30,-59.07437961,1,9.433162941,30,-59.07437961,1,9.433162941,30,-59.07437961,1,9.433162941,30,-59.07437961,1,9.433162941,30,-59.07437961,1,9.433162941,30,-59.07437961,1,9.433162941,30)
