mCurrentIter=32
mCounterStuck=11
mYPrev=0
mParameters.n_iterations=32
mParameters.n_inner_iterations=500
mParameters.n_init_samples=16
mParameters.n_iter_relearn=1
mParameters.n_final_samples=0
mParameters.n_parallel_samples=1
mParameters.init_method=2
mParameters.surr_name=sGaussianProcess
mParameters.sigma_s=1
mParameters.noise=1e-06
mParameters.alpha=1
mParameters.beta=1
mParameters.sc_type=SC_MAP
mParameters.l_type=L_MCMC
mParameters.par_type=PAR_NONE
mParameters.burnout_mcmc_parallel=2500
mParameters.l_all=0
mParameters.use_spsa=0
mParameters.epsilon=0
mParameters.force_jump=20
mParameters.active_hyperparams_coef=0
mParameters.kernel.name=kMaternARD5
mParameters.kernel.hp_mean=[1](1)
mParameters.kernel.hp_std=[1](10)
mParameters.kernel.domain_center=[1,1](0.5)
mParameters.kernel.domain_std=[1,1](0.5)
mParameters.mean.name=mConst
mParameters.mean.coef_mean=[1](1)
mParameters.mean.coef_std=[1](1000)
mParameters.crit_name=cEI
mParameters.crit_params=[0]()
mParameters.unscented_alpha=1
mParameters.unscented_beta=2
mParameters.unscented_kappa=0
mParameters.input_noise_variance=-1
mParameters.use_unscented_criterion=1
mY=[48](-0.2555071161,0.4701777878,-0.1508043144,-0.2834688145,0.111156219,-0.1712317458,-0.05913748461,-0.1398464667,-0.2968467223,2.676267184,-0.2614128883,-0.01029170127,-0.1321588152,-0.1118576749,-0.1820515725,-0.1442585893,-0.02936247612,-0.3127825226,-0.2998876416,0.004392502042,-0.2270120199,0.01006812181,0.1247078887,-0.019929124,-0.2685378054,-0.1849013766,-0.1829813392,-0.007483082746,-0.299650414,-0.1235437708,-0.1320086591,-0.2202281771,0.3165970413,-0.2697090732,-0.3436322994,-0.3489011747,-0.202352131,-0.1475139785,-0.2033447931,-0.173165544,-0.320516018,-0.3105795338,-0.3726600992,-0.3520364975,-0.1388141875,-0.2441744893,-0.2837223083,-0.2129838616)
mX=[48,4](0.5,0.5,0.5,0.5,0.75,0.25,0.75,0.25,0.25,0.75,0.25,0.75,0.375,0.375,0.625,0.125,0.875,0.875,0.125,0.625,0.625,0.125,0.375,0.375,0.125,0.625,0.875,0.875,0.1875,0.3125,0.3125,0.6875,0.6875,0.8125,0.8125,0.1875,0.9375,0.0625,0.5625,0.9375,0.4375,0.5625,0.0625,0.4375,0.3125,0.1875,0.9375,0.5625,0.8125,0.6875,0.4375,0.0625,0.5625,0.4375,0.1875,0.8125,0.0625,0.9375,0.6875,0.3125,0.09375,0.46875,0.84375,0.40625,0.497116778,0,1,0,0.3685807792,1,1,0,0.4992877239,0.8278916746,1,0,0.548107438,0.2556861711,0.9999073665,0,0.2251120696,1,0,0.1494451786,3.381686473e-17,7.492639191e-15,0,3.370017675e-16,0.8028330758,1,0,0.9999018713,0.6106980901,0.7021171924,1,0.9999389221,0.550716244,1,7.162103596e-05,0.3524866253,0.2660242212,0.5670196379,0.0001027630235,0,0.4594946523,0.9999493673,0.89804542,0.7255246527,0.4844689119,0.05527352413,0,0.06329769153,0.3626166831,0.8511600216,0.9998846221,0,0.7635824541,1,0.9999245601,0,0,0.715031616,0,0,0.4121313685,0.4873223154,0,0,0.5719990605,0,0.9998482038,1,0.4281709516,0.9207422442,0.9999760721,0.2105176432,0.6755275944,0.9336003841,0.3886883949,0,0.598148845,0.8349158388,0.4757364246,0,0.1320064093,0.917694296,0.9873923322,0.2729411658,0.1743847677,0.2808272797,0.9999046852,0,0.6563655538,1,8.4880701e-05,0.6344931669,0.6169061378,0.9225448731,0,0,0.4065747092,0.9301489974,0.4443664394,5.048193331e-05,0.6077278051,1,0.6900051129,0,0.6723338727,0.835669013,0.478704185,0.232325307,0.5194949961,0.8588861963,0.4866093932,0.2580740494,0.4317136107,1,0,1,0.2277232524,1,0.6550442816,0,0.4347140007,0.6621139922,0.488647424,0,0.1283890847,0.6808570447,0.3794980224,0)
mDebugBestPoints=[32,4](-38.75,0.83125,8.275,41.25,-57.88515325,1,10,30,-57.88515325,1,10,30,-57.88515325,1,10,30,-57.88515325,1,10,30,-57.88515325,1,10,30,-57.88515325,1,10,30,-57.88515325,1,10,30,-57.88515325,1,10,30,-57.88515325,1,10,30,-57.88515325,1,10,30,-57.88515325,1,10,30,-57.88515325,1,10,30,-57.88515325,1,10,30,-57.88515325,1,10,30,-57.88515325,1,10,30,-57.88515325,1,10,30,-57.88515325,1,10,30,-39.46834434,0.9402403457,4.375933233,30,-44.1110693,0.8514242549,5.176775106,30,-44.1110693,0.8514242549,5.176775106,30,-44.1110693,0.8514242549,5.176775106,30,-44.1110693,0.8514242549,5.176775106,30,-44.1110693,0.8514242549,5.176775106,30,-44.1110693,0.8514242549,5.176775106,30,-44.1110693,0.8514242549,5.176775106,30,-39.65996764,0.8521021117,5.204078502,43.93951842,-39.65996764,0.8521021117,5.204078502,43.93951842,-39.65996764,0.8521021117,5.204078502,43.93951842,-39.65996764,0.8521021117,5.204078502,43.93951842,-39.65996764,0.8521021117,5.204078502,43.93951842,-39.65996764,0.8521021117,5.204078502,43.93951842)
