mCurrentIter=32
mCounterStuck=11
mYPrev=0
mParameters.n_iterations=32
mParameters.n_inner_iterations=500
mParameters.n_init_samples=16
mParameters.n_iter_relearn=1
mParameters.n_final_samples=0
mParameters.n_parallel_samples=1
mParameters.init_method=2
mParameters.surr_name=sGaussianProcess
mParameters.sigma_s=1
mParameters.noise=1e-06
mParameters.alpha=1
mParameters.beta=1
mParameters.sc_type=SC_MAP
mParameters.l_type=L_MCMC
mParameters.par_type=PAR_NONE
mParameters.burnout_mcmc_parallel=2500
mParameters.l_all=0
mParameters.use_spsa=0
mParameters.epsilon=0
mParameters.force_jump=20
mParameters.active_hyperparams_coef=0
mParameters.kernel.name=kMaternARD5
mParameters.kernel.hp_mean=[1](1)
mParameters.kernel.hp_std=[1](10)
mParameters.kernel.domain_center=[1,1](0.5)
mParameters.kernel.domain_std=[1,1](0.5)
mParameters.mean.name=mConst
mParameters.mean.coef_mean=[1](1)
mParameters.mean.coef_std=[1](1000)
mParameters.crit_name=cEI
mParameters.crit_params=[0]()
mParameters.unscented_alpha=1
mParameters.unscented_beta=2
mParameters.unscented_kappa=0
mParameters.input_noise_variance=-1
mParameters.use_unscented_criterion=1
mY=[48](-0.9971191456,-0.96461065,-0.6000296061,-0.7721673864,-1.462767123,-1.139982222,-0.4104476278,-0.5338236387,-1.332529979,-0.2879765847,-0.8960662202,-0.4752684386,-1.580201872,-0.9326303869,-0.4940292767,-0.4376034357,-1.372355853,-1.409690441,-1.774906156,-1.577810776,-1.299684064,-1.815117855,-1.760568544,-1.672539717,-1.810900288,-1.478015251,-1.166499862,-1.173637472,-1.181318393,-1.736566687,-1.550089523,-1.841736548,-1.759810351,-1.776649419,-1.654151284,-1.863941042,-1.152990408,-1.850841919,-1.406686168,-1.863212169,-1.585306115,-1.152215023,0.1481711118,-1.766997859,-1.862534995,-1.371610826,-1.382726844,-1.870959392)
mX=[48,4](0.5,0.5,0.5,0.5,0.75,0.25,0.75,0.25,0.25,0.75,0.25,0.75,0.375,0.375,0.625,0.125,0.875,0.875,0.125,0.625,0.625,0.125,0.375,0.375,0.125,0.625,0.875,0.875,0.1875,0.3125,0.3125,0.6875,0.6875,0.8125,0.8125,0.1875,0.9375,0.0625,0.5625,0.9375,0.4375,0.5625,0.0625,0.4375,0.3125,0.1875,0.9375,0.5625,0.8125,0.6875,0.4375,0.0625,0.5625,0.4375,0.1875,0.8125,0.0625,0.9375,0.6875,0.3125,0.09375,0.46875,0.84375,0.40625,0.8522148379,1,0,0,0.8236539452,0.7556610275,1,3.580203264e-05,1,0.7598000553,0.2801882799,0,1,1,0.5327840006,0,1,0.6023380228,0,0,0.9516744224,1,0.2739454393,0,1,1,0.2723441478,0.165786189,0.8866994653,1,0.2556098529,0,0.9643499784,0.8831703666,0.3016005621,0,1,1,0,0.4126536389,0.6111774348,1,1,0,1,1,1,0.5465890549,0.7204754569,1,1,0.9999183887,0.985935018,0.9929794842,0.2415398104,0,0.9510676012,1,0.3544049167,1,0.9522884991,0.9638856623,0.345290912,0.2778817248,0.9427854611,1,0.3747427307,0,0.9827018201,0.763644085,0.3556849638,0.3253941768,0.9523769413,0.6086700032,0.370472563,0,0.9573131811,0.9678330381,0.3344116714,0.2784925947,0.6061845978,0.6637829898,0.6290800055,0.4549686124,0.9645338924,0.9791538507,0.3255600289,0.288029757,1,0.9990314216,0.8954189437,0,0.9692489162,0.977886518,0.3364807852,0.2673401898,1,0.5135186502,0.1538044941,0,1,1,0.7741431075,1,1,0,0.9370646292,0,0.9517691438,0.7981634808,0.2057076148,0.2313214259,0.9676973105,0.9578665848,0.32342058,0.2684582956,1,0.7614088501,0.501642295,1,1,0.8263680252,0.6817632388,0,0.9684202744,0.956343619,0.332552318,0.2679699506)
mDebugBestPoints=[32,4](-31.25,0.71875,4.825,33.75,-31.25,0.71875,4.825,33.75,-20,0.7838200498,3.377732176,30,-20,0.7838200498,3.377732176,30,-20,0.7838200498,3.377732176,30,-22.89953465,1,3.320298042,30,-22.89953465,1,3.320298042,30,-22.89953465,1,3.320298042,30,-22.89953465,1,3.320298042,30,-22.89953465,1,3.320298042,30,-22.89953465,1,3.320298042,30,-22.89953465,1,3.320298042,30,-22.89953465,1,3.320298042,30,-22.89953465,1,3.320298042,30,-22.89953465,1,3.320298042,30,-22.86269005,0.9674970961,3.976676391,46.67290349,-22.86269005,0.9674970961,3.976676391,46.67290349,-22.86269005,0.9674970961,3.976676391,46.67290349,-22.86269005,0.9674970961,3.976676391,46.67290349,-22.56120913,0.9710497342,3.876587377,46.70955568,-22.56120913,0.9710497342,3.876587377,46.70955568,-22.56120913,0.9710497342,3.876587377,46.70955568,-22.56120913,0.9710497342,3.876587377,46.70955568,-22.56120913,0.9710497342,3.876587377,46.70955568,-21.84506503,0.9800978662,3.895623224,46.04041139,-21.84506503,0.9800978662,3.895623224,46.04041139,-21.84506503,0.9800978662,3.895623224,46.04041139,-21.84506503,0.9800978662,3.895623224,46.04041139,-21.84506503,0.9800978662,3.895623224,46.04041139,-21.84506503,0.9800978662,3.895623224,46.04041139,-22.56120913,0.9710497342,3.876587377,46.70955568,-21.89478354,0.9607092571,3.859481326,46.07819703)
