mCurrentIter=32
mCounterStuck=11
mYPrev=0
mParameters.n_iterations=32
mParameters.n_inner_iterations=500
mParameters.n_init_samples=16
mParameters.n_iter_relearn=1
mParameters.n_final_samples=0
mParameters.n_parallel_samples=1
mParameters.init_method=2
mParameters.surr_name=sGaussianProcess
mParameters.sigma_s=1
mParameters.noise=1e-06
mParameters.alpha=1
mParameters.beta=1
mParameters.sc_type=SC_MAP
mParameters.l_type=L_MCMC
mParameters.par_type=PAR_NONE
mParameters.burnout_mcmc_parallel=2500
mParameters.l_all=0
mParameters.use_spsa=0
mParameters.epsilon=0
mParameters.force_jump=20
mParameters.active_hyperparams_coef=0
mParameters.kernel.name=kMaternARD5
mParameters.kernel.hp_mean=[1](1)
mParameters.kernel.hp_std=[1](10)
mParameters.kernel.domain_center=[1,1](0.5)
mParameters.kernel.domain_std=[1,1](0.5)
mParameters.mean.name=mConst
mParameters.mean.coef_mean=[1](1)
mParameters.mean.coef_std=[1](1000)
mParameters.crit_name=cEI
mParameters.crit_params=[0]()
mParameters.unscented_alpha=1
mParameters.unscented_beta=2
mParameters.unscented_kappa=0
mParameters.input_noise_variance=-1
mParameters.use_unscented_criterion=1
mY=[48](-0.9417115838,-0.8206203758,-0.6055454829,-0.9334930944,-1.259889683,-0.9840766275,-0.5205891406,-0.6037294255,-1.301364907,0.9731161808,-0.8505351794,-0.6222606203,-1.300711933,-0.9033632943,-0.6296650312,-0.6061774894,-1.400090073,-1.202146175,-1.190991943,-1.263376096,-1.363391749,-1.254300142,-1.111750588,-1.311842814,-1.371005895,-1.373129009,-0.8782009996,-1.069185169,-1.319424327,-1.386704986,-0.5293479137,-1.095352103,-1.377477869,-1.113762021,-1.360013267,-1.37201636,-1.129994765,-1.172157094,-0.8282836057,-1.30832709,-1.332963929,-1.167579576,-1.376212935,-1.129285133,-0.9021574496,-1.24169259,-1.044649588,-1.109419134)
mX=[48,4](0.5,0.5,0.5,0.5,0.75,0.25,0.75,0.25,0.25,0.75,0.25,0.75,0.375,0.375,0.625,0.125,0.875,0.875,0.125,0.625,0.625,0.125,0.375,0.375,0.125,0.625,0.875,0.875,0.1875,0.3125,0.3125,0.6875,0.6875,0.8125,0.8125,0.1875,0.9375,0.0625,0.5625,0.9375,0.4375,0.5625,0.0625,0.4375,0.3125,0.1875,0.9375,0.5625,0.8125,0.6875,0.4375,0.0625,0.5625,0.4375,0.1875,0.8125,0.0625,0.9375,0.6875,0.3125,0.09375,0.46875,0.84375,0.40625,0.8193170377,1,0.6834033803,0,0.7914447626,0.8806794649,0.9999038106,0,0.7810329588,1,0,0,0.9286791285,1,0.9087572126,0,0.8429601183,1,0.4146243013,0.2843836517,0.8671408696,0.9309413879,0,0,0.57285027,0.9999989795,0.9999132612,8.668078499e-05,0.730031422,0.6981581484,0.3690046665,1.215268591e-05,0.77872489,0.9114990729,0.5398919116,1.721881761e-05,0.8570352081,1,0.6649800258,0,0.5295252842,0,1,0,0.7908785005,0.6317662971,0,1.3691339e-05,0.8733887778,1,0.1705365223,0.2403044773,0.7450766193,1,0.694168545,0.0001583968444,0.4129597454,5.59033838e-19,0,1.880880156e-15,0.7911556895,1,0.6574600209,0.9999493461,0.7836206025,1,0.687429817,0.1999857484,0.741559357,1,0.1390438307,0.6947625421,0.7625452541,0.7745459485,0.4594503682,0.3872192297,0.7775346055,0.8100670829,0.4088981744,0.1401850725,0.5616075292,0.9741084578,0.6014167224,0.05883899238,0.655395951,0.5608225801,0.6964869344,0,1,1,0.2869836232,0,0.8042075274,1,0.5978107305,0,0.8247312211,0.9691805863,0.7624622179,0,0.838443209,0.8636297481,0.1127609049,0,0.7190431023,1,0.4542430488,0.2916698192,0.8197403807,1,0.9398011645,0.7020742617,1,1,0,0.3765994959,0.8185339264,0.9999853042,0.3059592066,0.5438384253,0.4942995585,1,0.8196143446,0,0.6734305719,0.5548403836,0.921034884,0)
mDebugBestPoints=[32,4](-30.84097774,1,7.087311099,30,-30.84097774,1,7.087311099,30,-30.84097774,1,7.087311099,30,-30.84097774,1,7.087311099,30,-30.84097774,1,7.087311099,30,-30.84097774,1,7.087311099,30,-30.84097774,1,7.087311099,30,-30.84097774,1,7.087311099,30,-30.84097774,1,7.087311099,30,-30.84097774,1,7.087311099,30,-30.84097774,1,7.087311099,30,-30.84097774,1,7.087311099,30,-30.84097774,1,7.087311099,30,-30.84097774,1,7.087311099,30,-30.84097774,1,7.087311099,30,-30.84097774,1,7.087311099,30,-30.84097774,1,7.087311099,30,-30.84097774,1,7.087311099,30,-30.84097774,1,7.087311099,30,-30.84097774,1,7.087311099,30,-30.84097774,1,7.087311099,30,-30.84097774,1,7.087311099,30,-30.84097774,1,7.087311099,30,-30.84097774,1,7.087311099,30,-30.84097774,1,7.087311099,30,-30.84097774,1,7.087311099,30,-30.84097774,1,7.087311099,30,-30.84097774,1,7.087311099,30,-30.84097774,1,7.087311099,30,-30.84097774,1,7.087311099,30,-30.84097774,1,7.087311099,30,-30.84097774,1,7.087311099,30)
