mCurrentIter=32
mCounterStuck=11
mYPrev=0
mParameters.n_iterations=32
mParameters.n_inner_iterations=500
mParameters.n_init_samples=16
mParameters.n_iter_relearn=1
mParameters.n_final_samples=0
mParameters.n_parallel_samples=1
mParameters.init_method=2
mParameters.surr_name=sGaussianProcess
mParameters.sigma_s=1
mParameters.noise=1e-06
mParameters.alpha=1
mParameters.beta=1
mParameters.sc_type=SC_MAP
mParameters.l_type=L_MCMC
mParameters.par_type=PAR_NONE
mParameters.burnout_mcmc_parallel=2500
mParameters.l_all=0
mParameters.use_spsa=0
mParameters.epsilon=0
mParameters.force_jump=20
mParameters.active_hyperparams_coef=0
mParameters.kernel.name=kMaternARD5
mParameters.kernel.hp_mean=[1](1)
mParameters.kernel.hp_std=[1](10)
mParameters.kernel.domain_center=[1,1](0.5)
mParameters.kernel.domain_std=[1,1](0.5)
mParameters.mean.name=mConst
mParameters.mean.coef_mean=[1](1)
mParameters.mean.coef_std=[1](1000)
mParameters.crit_name=cEI
mParameters.crit_params=[0]()
mParameters.unscented_alpha=1
mParameters.unscented_beta=2
mParameters.unscented_kappa=0
mParameters.input_noise_variance=-1
mParameters.use_unscented_criterion=1
mY=[48](-1.024459238,-1.072509349,-0.6714347521,-0.9693161623,-1.294890661,-1.113563488,-0.615962624,-0.6171277784,-1.375206125,0.214942948,-0.9023967517,-0.7530615502,-1.427358734,-0.9501654525,-0.6916553919,-0.6862340853,-1.36702161,-1.343071406,-1.232356392,-1.335435863,-1.502093987,-1.169599315,-1.518384225,-1.547597574,-1.14230512,-1.390387422,-1.475850142,-1.553631306,-1.586285287,-1.361217386,-1.184970753,-1.242538507,-1.491335948,-1.097107141,-1.14668092,0.3129658544,-0.5540996029,-1.456141831,-1.029836148,-1.424092876,-1.195641666,-0.9930418374,-0.8781974177,-0.9754760426,-0.4878420233,-0.7749356842,-1.242418976,-1.335579606)
mX=[48,4](0.5,0.5,0.5,0.5,0.75,0.25,0.75,0.25,0.25,0.75,0.25,0.75,0.375,0.375,0.625,0.125,0.875,0.875,0.125,0.625,0.625,0.125,0.375,0.375,0.125,0.625,0.875,0.875,0.1875,0.3125,0.3125,0.6875,0.6875,0.8125,0.8125,0.1875,0.9375,0.0625,0.5625,0.9375,0.4375,0.5625,0.0625,0.4375,0.3125,0.1875,0.9375,0.5625,0.8125,0.6875,0.4375,0.0625,0.5625,0.4375,0.1875,0.8125,0.0625,0.9375,0.6875,0.3125,0.09375,0.46875,0.84375,0.40625,0.8336511402,1,1,0,0.7598620203,0.7245210754,0.9999293543,0,0.8273908313,0.8540378175,0,0.2522908831,0.7498226576,1,0.9999024351,0.5632772381,0.8138322315,0.9789061721,0.5521210819,1.478183444e-05,0.7258932149,1,0,0.02017867342,0.8072354889,0.9022825339,0.5877771064,0.2856834003,0.8625308588,1,0.5737420569,0.3357449717,1,1,0.5739906361,0.03935605913,0.8545126109,1,0.5920811029,0.6893594366,0.8159808325,1,0.487742196,0.3212233492,0.8583467031,0.9493240382,0.6623830657,0.2509205378,0.8731251068,0.9999985412,0.7015817982,0.3517960912,0.8944833594,1,0.8195433536,0.4259492682,0.5497447427,1,1,0,0.6848501652,0.4899333229,0.2423897163,0,0.8071332527,1,0.6816587538,0.3835669795,0.5835548128,1,1,0.745975957,0.7784436692,0.3667276968,0.6135858792,0.646356493,1,0,0,0.3995486141,0.01798561751,0.9971522561,0.2634738972,0.5798296637,0.9019050506,1,0.215859606,0,0.553201014,0.1811508689,0.9999981354,7.239467105e-05,0.8089886882,1,0.2166568184,0.1181485085,0.6017290153,1,0.4205020414,0,0.3734851212,1,1,0,0.4260641264,1,0.7335400569,1,0.6302000369,0.3444574683,0.9999999849,0.9999107863,0.5172212594,0,0,0,0.2390956817,0.9999120174,0.6413392832,2.826350189e-05,0.7393482642,0.9454919222,0.3737193164,0.8112345135,0.691272366,0.5563096527,0.5469230471,6.066440061e-09)
mDebugBestPoints=[32,4](-31.25,0.71875,4.825,33.75,-31.25,0.71875,4.825,33.75,-31.25,0.71875,4.825,33.75,-31.25,0.71875,4.825,33.75,-31.17006611,0.9810155549,5.879513954,30.00088691,-31.17006611,0.9810155549,5.879513954,30.00088691,-31.56587066,0.9120542805,6.207549379,47.14100402,-28.24814847,1,6.078426924,50.1446983,-28.24814847,1,6.078426924,50.1446983,-28.24814847,1,6.078426924,50.1446983,-28.24814847,1,6.078426924,50.1446983,-28.49919781,0.9543916344,6.893924205,45.05523227,-27.61249359,0.999998687,7.254552544,51.10776547,-27.61249359,0.999998687,7.254552544,51.10776547,-27.61249359,0.999998687,7.254552544,51.10776547,-27.61249359,0.999998687,7.254552544,51.10776547,-27.61249359,0.999998687,7.254552544,51.10776547,-27.61249359,0.999998687,7.254552544,51.10776547,-27.61249359,0.999998687,7.254552544,51.10776547,-27.61249359,0.999998687,7.254552544,51.10776547,-27.61249359,0.999998687,7.254552544,51.10776547,-27.61249359,0.999998687,7.254552544,51.10776547,-27.61249359,0.999998687,7.254552544,51.10776547,-27.61249359,0.999998687,7.254552544,51.10776547,-27.61249359,0.999998687,7.254552544,51.10776547,-27.61249359,0.999998687,7.254552544,51.10776547,-27.61249359,0.999998687,7.254552544,51.10776547,-27.61249359,0.999998687,7.254552544,51.10776547,-27.61249359,0.999998687,7.254552544,51.10776547,-27.61249359,0.999998687,7.254552544,51.10776547,-27.61249359,0.999998687,7.254552544,51.10776547,-27.61249359,0.999998687,7.254552544,51.10776547)
