mCurrentIter=32
mCounterStuck=11
mYPrev=0
mParameters.n_iterations=32
mParameters.n_inner_iterations=500
mParameters.n_init_samples=16
mParameters.n_iter_relearn=1
mParameters.n_final_samples=0
mParameters.n_parallel_samples=1
mParameters.init_method=2
mParameters.surr_name=sGaussianProcess
mParameters.sigma_s=1
mParameters.noise=1e-06
mParameters.alpha=1
mParameters.beta=1
mParameters.sc_type=SC_MAP
mParameters.l_type=L_MCMC
mParameters.par_type=PAR_NONE
mParameters.burnout_mcmc_parallel=2500
mParameters.l_all=0
mParameters.use_spsa=0
mParameters.epsilon=0
mParameters.force_jump=20
mParameters.active_hyperparams_coef=0
mParameters.kernel.name=kMaternARD5
mParameters.kernel.hp_mean=[1](1)
mParameters.kernel.hp_std=[1](10)
mParameters.kernel.domain_center=[1,1](0.5)
mParameters.kernel.domain_std=[1,1](0.5)
mParameters.mean.name=mConst
mParameters.mean.coef_mean=[1](1)
mParameters.mean.coef_std=[1](1000)
mParameters.crit_name=cEI
mParameters.crit_params=[0]()
mParameters.unscented_alpha=1
mParameters.unscented_beta=2
mParameters.unscented_kappa=0
mParameters.input_noise_variance=-1
mParameters.use_unscented_criterion=1
mY=[48](-1.243687271,-1.029315223,-0.7720277204,-1.150492498,-0.9777964148,-1.372397615,-0.6418733648,-0.7445639291,-1.496394307,1.465295254,-1.035531611,-0.8170582886,-1.388598207,-1.036628734,-0.6866431833,-0.6707185786,-1.161769506,-1.312173781,-1.120563703,-0.9457106305,-1.49595468,-0.9946788332,-0.15819969,-1.042060359,-1.426262352,-1.355541485,-1.467501835,-1.442652761,-1.456722742,-1.477306624,-1.433232378,-1.425831087,-1.248152034,-0.822390607,-1.387344258,-1.337870861,-1.041209206,-1.508886236,-1.430001945,-0.8848924951,-1.449707445,-0.8483374006,-1.241012586,-1.272402346,-1.048223192,-1.438235346,-1.05710273,-1.189003779)
mX=[48,4](0.5,0.5,0.5,0.5,0.75,0.25,0.75,0.25,0.25,0.75,0.25,0.75,0.375,0.375,0.625,0.125,0.875,0.875,0.125,0.625,0.625,0.125,0.375,0.375,0.125,0.625,0.875,0.875,0.1875,0.3125,0.3125,0.6875,0.6875,0.8125,0.8125,0.1875,0.9375,0.0625,0.5625,0.9375,0.4375,0.5625,0.0625,0.4375,0.3125,0.1875,0.9375,0.5625,0.8125,0.6875,0.4375,0.0625,0.5625,0.4375,0.1875,0.8125,0.0625,0.9375,0.6875,0.3125,0.09375,0.46875,0.84375,0.40625,0.4915960505,0,0.8759094835,8.514692609e-05,0.6319125882,0.5168832722,1,0.1084165203,0.757876698,1,0,0.1934370299,0.5672236365,0.2233591182,0.9999072917,0,0.7290241839,0.6855053566,0.6562983408,0.3008723683,0.5141598082,0,0.9999086185,0.3882309187,1,0.508882639,0.217222215,0.5884272741,0.4897784303,0,0.1342485411,0.09459782154,0.6438761885,0.694643071,0.6507928036,0.400792364,0.5214676206,1,1,0,0.6475106064,0.7932421249,1,0,0.7690259489,1,0.9999202152,0.0001012929435,0.7720175551,0.8204680166,0.6969350163,0.0002636852624,0.6659601439,1,0.9067813659,1.749652473e-07,0.6806040336,0.5852560681,0.4622327753,0.230692904,0.7365231355,0.7725990218,1,0.1643450144,0.482544293,1,0.4609225581,0.0001010871092,0.6536609098,0.3524108604,0,0.4897598959,0.5598969825,0.1759227583,0.4910227235,0.1249346653,0.6961738936,0.9377809683,1,0.9999495496,0.3642222721,0.9985487449,0.9911172041,0.7704114923,0.7066562758,0.617177418,0.6883327751,0,0.6782418725,0.9119902766,0.6059364425,2.743392556e-06,0.5360861747,0,0.5280848232,0.9998829552,0.7352231106,1,0.8189653672,0.5071476161,0.491337327,0,0.4973772253,0.3913599553,0.5721831036,1,1,0.8370685739,0.4633913772,0.7606720416,0.7982400412,0,0.9184217603,1,0.5654648728,0,0.6323791607,0.3049017522,0.5091062866,0,0.5467532041,1,0,0,0.6005039534,0.5285521842,0.9954228669,1)
mDebugBestPoints=[32,4](-38.75,0.83125,8.275,41.25,-38.75,0.83125,8.275,41.25,-38.75,0.83125,8.275,41.25,-38.75,0.83125,8.275,41.25,-38.75,0.83125,8.275,41.25,-38.75,0.83125,8.275,41.25,-38.75,0.83125,8.275,41.25,-38.75,0.83125,8.275,41.25,-38.75,0.83125,8.275,41.25,-38.75,0.83125,8.275,41.25,-38.75,0.83125,8.275,41.25,-38.75,0.83125,8.275,41.25,-38.75,0.83125,8.275,41.25,-38.75,0.83125,8.275,41.25,-38.75,0.83125,8.275,41.25,-38.75,0.83125,8.275,41.25,-38.75,0.83125,8.275,41.25,-38.75,0.83125,8.275,41.25,-38.75,0.83125,8.275,41.25,-38.75,0.83125,8.275,41.25,-38.75,0.83125,8.275,41.25,-37.60062345,0.6554596762,7.132661531,30,-37.60062345,0.6554596762,7.132661531,30,-37.60062345,0.6554596762,7.132661531,30,-37.60062345,0.6554596762,7.132661531,30,-37.60062345,0.6554596762,7.132661531,30,-37.60062345,0.6554596762,7.132661531,30,-37.60062345,0.6554596762,7.132661531,30,-37.60062345,0.6554596762,7.132661531,30,-37.60062345,0.6554596762,7.132661531,30,-37.60062345,0.6554596762,7.132661531,30,-37.60062345,0.6554596762,7.132661531,30)
